{
 "cells": [
  {
   "cell_type": "code",
   "execution_count": 2,
   "id": "d29a242d",
   "metadata": {},
   "outputs": [],
   "source": [
    "#Se importan las librerias que se van a utilizar\n",
    "import pandas as pd\n",
    "import numpy as np\n",
    "import glob\n",
    "import os"
   ]
  },
  {
   "cell_type": "code",
   "execution_count": 15,
   "id": "e3bf7ee0",
   "metadata": {},
   "outputs": [
    {
     "data": {
      "text/html": [
       "<div>\n",
       "<style scoped>\n",
       "    .dataframe tbody tr th:only-of-type {\n",
       "        vertical-align: middle;\n",
       "    }\n",
       "\n",
       "    .dataframe tbody tr th {\n",
       "        vertical-align: top;\n",
       "    }\n",
       "\n",
       "    .dataframe thead th {\n",
       "        text-align: right;\n",
       "    }\n",
       "</style>\n",
       "<table border=\"1\" class=\"dataframe\">\n",
       "  <thead>\n",
       "    <tr style=\"text-align: right;\">\n",
       "      <th></th>\n",
       "      <th>LOCALIDAD</th>\n",
       "      <th>LONGITUD</th>\n",
       "      <th>LATITUD</th>\n",
       "      <th>CODIGO</th>\n",
       "      <th>gp</th>\n",
       "    </tr>\n",
       "  </thead>\n",
       "  <tbody>\n",
       "    <tr>\n",
       "      <th>0</th>\n",
       "      <td>BARRIOS UNIDOS</td>\n",
       "      <td>-74.084000</td>\n",
       "      <td>4.666400</td>\n",
       "      <td>12</td>\n",
       "      <td>-74.084, 4.6664</td>\n",
       "    </tr>\n",
       "    <tr>\n",
       "      <th>1</th>\n",
       "      <td>ENGATIVÁ</td>\n",
       "      <td>-74.107200</td>\n",
       "      <td>4.707100</td>\n",
       "      <td>10</td>\n",
       "      <td>-74.1072, 4.7071000000000005</td>\n",
       "    </tr>\n",
       "    <tr>\n",
       "      <th>2</th>\n",
       "      <td>SUMAPAZ</td>\n",
       "      <td>-74.315224</td>\n",
       "      <td>4.034746</td>\n",
       "      <td>20</td>\n",
       "      <td>-74.315224, 4.034746</td>\n",
       "    </tr>\n",
       "    <tr>\n",
       "      <th>3</th>\n",
       "      <td>TEUSAQUILLO</td>\n",
       "      <td>-74.093800</td>\n",
       "      <td>4.644800</td>\n",
       "      <td>13</td>\n",
       "      <td>-74.0938, 4.6448</td>\n",
       "    </tr>\n",
       "    <tr>\n",
       "      <th>4</th>\n",
       "      <td>LA CANDELARIA</td>\n",
       "      <td>-74.073900</td>\n",
       "      <td>4.593900</td>\n",
       "      <td>17</td>\n",
       "      <td>-74.0739, 4.5939</td>\n",
       "    </tr>\n",
       "    <tr>\n",
       "      <th>5</th>\n",
       "      <td>SANTA FE</td>\n",
       "      <td>-74.029800</td>\n",
       "      <td>4.596300</td>\n",
       "      <td>3</td>\n",
       "      <td>-74.0298, 4.5963</td>\n",
       "    </tr>\n",
       "    <tr>\n",
       "      <th>6</th>\n",
       "      <td>SUBA</td>\n",
       "      <td>-74.082400</td>\n",
       "      <td>4.765200</td>\n",
       "      <td>11</td>\n",
       "      <td>-74.0824, 4.7652</td>\n",
       "    </tr>\n",
       "    <tr>\n",
       "      <th>7</th>\n",
       "      <td>FONTIBÓN</td>\n",
       "      <td>-74.147900</td>\n",
       "      <td>4.683200</td>\n",
       "      <td>9</td>\n",
       "      <td>-74.1479, 4.6832</td>\n",
       "    </tr>\n",
       "    <tr>\n",
       "      <th>8</th>\n",
       "      <td>LOS MÁRTIRES</td>\n",
       "      <td>-74.091300</td>\n",
       "      <td>4.603000</td>\n",
       "      <td>14</td>\n",
       "      <td>-74.0913, 4.603</td>\n",
       "    </tr>\n",
       "    <tr>\n",
       "      <th>9</th>\n",
       "      <td>SAN CRISTOBAL</td>\n",
       "      <td>-74.088300</td>\n",
       "      <td>4.546300</td>\n",
       "      <td>4</td>\n",
       "      <td>-74.0883, 4.5463000000000005</td>\n",
       "    </tr>\n",
       "    <tr>\n",
       "      <th>10</th>\n",
       "      <td>USME</td>\n",
       "      <td>-74.103300</td>\n",
       "      <td>4.476600</td>\n",
       "      <td>5</td>\n",
       "      <td>-74.1033, 4.4766</td>\n",
       "    </tr>\n",
       "    <tr>\n",
       "      <th>11</th>\n",
       "      <td>PUENTE ARANDA</td>\n",
       "      <td>-74.122700</td>\n",
       "      <td>4.614900</td>\n",
       "      <td>16</td>\n",
       "      <td>-74.1227, 4.6149000000000004</td>\n",
       "    </tr>\n",
       "    <tr>\n",
       "      <th>12</th>\n",
       "      <td>USAQUÉN</td>\n",
       "      <td>-74.031200</td>\n",
       "      <td>4.748500</td>\n",
       "      <td>1</td>\n",
       "      <td>-74.0312, 4.7485</td>\n",
       "    </tr>\n",
       "    <tr>\n",
       "      <th>13</th>\n",
       "      <td>BOGOTÁ</td>\n",
       "      <td>-74.081750</td>\n",
       "      <td>4.609710</td>\n",
       "      <td>0</td>\n",
       "      <td>-74.08175, 4.60971</td>\n",
       "    </tr>\n",
       "    <tr>\n",
       "      <th>14</th>\n",
       "      <td>BOSA</td>\n",
       "      <td>-74.194500</td>\n",
       "      <td>4.630500</td>\n",
       "      <td>7</td>\n",
       "      <td>-74.1945, 4.6305</td>\n",
       "    </tr>\n",
       "    <tr>\n",
       "      <th>15</th>\n",
       "      <td>CIUDAD BOLÍVAR</td>\n",
       "      <td>-74.153900</td>\n",
       "      <td>4.506600</td>\n",
       "      <td>19</td>\n",
       "      <td>-74.1539, 4.5066</td>\n",
       "    </tr>\n",
       "    <tr>\n",
       "      <th>16</th>\n",
       "      <td>RAFAEL URIBE URIBE</td>\n",
       "      <td>-74.116400</td>\n",
       "      <td>4.565300</td>\n",
       "      <td>18</td>\n",
       "      <td>-74.1164, 4.5653</td>\n",
       "    </tr>\n",
       "    <tr>\n",
       "      <th>17</th>\n",
       "      <td>KENNEDY</td>\n",
       "      <td>-74.157300</td>\n",
       "      <td>4.626800</td>\n",
       "      <td>8</td>\n",
       "      <td>-74.1573, 4.6268</td>\n",
       "    </tr>\n",
       "    <tr>\n",
       "      <th>18</th>\n",
       "      <td>CHAPINERO</td>\n",
       "      <td>-74.046700</td>\n",
       "      <td>4.656900</td>\n",
       "      <td>2</td>\n",
       "      <td>-74.0467, 4.6569</td>\n",
       "    </tr>\n",
       "    <tr>\n",
       "      <th>19</th>\n",
       "      <td>TUNJUELITO</td>\n",
       "      <td>-74.140700</td>\n",
       "      <td>4.587500</td>\n",
       "      <td>6</td>\n",
       "      <td>-74.1407, 4.5875</td>\n",
       "    </tr>\n",
       "    <tr>\n",
       "      <th>20</th>\n",
       "      <td>ANTONIO NARIÑO</td>\n",
       "      <td>-74.100900</td>\n",
       "      <td>4.548600</td>\n",
       "      <td>15</td>\n",
       "      <td>-74.1009, 4.5486</td>\n",
       "    </tr>\n",
       "  </tbody>\n",
       "</table>\n",
       "</div>"
      ],
      "text/plain": [
       "             LOCALIDAD   LONGITUD   LATITUD  CODIGO  \\\n",
       "0       BARRIOS UNIDOS -74.084000  4.666400      12   \n",
       "1             ENGATIVÁ -74.107200  4.707100      10   \n",
       "2              SUMAPAZ -74.315224  4.034746      20   \n",
       "3          TEUSAQUILLO -74.093800  4.644800      13   \n",
       "4        LA CANDELARIA -74.073900  4.593900      17   \n",
       "5             SANTA FE -74.029800  4.596300       3   \n",
       "6                 SUBA -74.082400  4.765200      11   \n",
       "7             FONTIBÓN -74.147900  4.683200       9   \n",
       "8         LOS MÁRTIRES -74.091300  4.603000      14   \n",
       "9        SAN CRISTOBAL -74.088300  4.546300       4   \n",
       "10                USME -74.103300  4.476600       5   \n",
       "11       PUENTE ARANDA -74.122700  4.614900      16   \n",
       "12             USAQUÉN -74.031200  4.748500       1   \n",
       "13              BOGOTÁ -74.081750  4.609710       0   \n",
       "14                BOSA -74.194500  4.630500       7   \n",
       "15      CIUDAD BOLÍVAR -74.153900  4.506600      19   \n",
       "16  RAFAEL URIBE URIBE -74.116400  4.565300      18   \n",
       "17             KENNEDY -74.157300  4.626800       8   \n",
       "18           CHAPINERO -74.046700  4.656900       2   \n",
       "19          TUNJUELITO -74.140700  4.587500       6   \n",
       "20      ANTONIO NARIÑO -74.100900  4.548600      15   \n",
       "\n",
       "                              gp  \n",
       "0                -74.084, 4.6664  \n",
       "1   -74.1072, 4.7071000000000005  \n",
       "2           -74.315224, 4.034746  \n",
       "3               -74.0938, 4.6448  \n",
       "4               -74.0739, 4.5939  \n",
       "5               -74.0298, 4.5963  \n",
       "6               -74.0824, 4.7652  \n",
       "7               -74.1479, 4.6832  \n",
       "8                -74.0913, 4.603  \n",
       "9   -74.0883, 4.5463000000000005  \n",
       "10              -74.1033, 4.4766  \n",
       "11  -74.1227, 4.6149000000000004  \n",
       "12              -74.0312, 4.7485  \n",
       "13            -74.08175, 4.60971  \n",
       "14              -74.1945, 4.6305  \n",
       "15              -74.1539, 4.5066  \n",
       "16              -74.1164, 4.5653  \n",
       "17              -74.1573, 4.6268  \n",
       "18              -74.0467, 4.6569  \n",
       "19              -74.1407, 4.5875  \n",
       "20              -74.1009, 4.5486  "
      ]
     },
     "execution_count": 15,
     "metadata": {},
     "output_type": "execute_result"
    }
   ],
   "source": [
    "## Se invoca el documento de excel \n",
    "df=pd.read_excel('../data/Coordenadas_localidades.xlsx') \n",
    "\n",
    "\n",
    "#Se imprimen los datos del DataFrame para validar que se hayan cargado correctamente\n",
    "\n",
    "df"
   ]
  },
  {
   "cell_type": "code",
   "execution_count": 16,
   "id": "fb7a0579",
   "metadata": {},
   "outputs": [],
   "source": [
    "#Se renombran las columnas Nombre gp y CODIGO\n",
    "df.rename(columns={'gp':'COORDENADAS','CODIGO': 'CODIGO_LOCALIDAD'},inplace=True)"
   ]
  },
  {
   "cell_type": "code",
   "execution_count": 17,
   "id": "53c0f1ed",
   "metadata": {},
   "outputs": [],
   "source": [
    "\n",
    "#Se reorganiza el orden de las columnas\n",
    "df = pd.DataFrame.reindex(df,columns =['CODIGO_LOCALIDAD','LOCALIDAD','LONGITUD','LATITUD','COORDENADAS'])\n",
    "\n"
   ]
  },
  {
   "cell_type": "code",
   "execution_count": 18,
   "id": "6040f876",
   "metadata": {},
   "outputs": [
    {
     "data": {
      "text/html": [
       "<div>\n",
       "<style scoped>\n",
       "    .dataframe tbody tr th:only-of-type {\n",
       "        vertical-align: middle;\n",
       "    }\n",
       "\n",
       "    .dataframe tbody tr th {\n",
       "        vertical-align: top;\n",
       "    }\n",
       "\n",
       "    .dataframe thead th {\n",
       "        text-align: right;\n",
       "    }\n",
       "</style>\n",
       "<table border=\"1\" class=\"dataframe\">\n",
       "  <thead>\n",
       "    <tr style=\"text-align: right;\">\n",
       "      <th></th>\n",
       "      <th>CODIGO_LOCALIDAD</th>\n",
       "      <th>LOCALIDAD</th>\n",
       "      <th>LONGITUD</th>\n",
       "      <th>LATITUD</th>\n",
       "      <th>COORDENADAS</th>\n",
       "    </tr>\n",
       "  </thead>\n",
       "  <tbody>\n",
       "    <tr>\n",
       "      <th>0</th>\n",
       "      <td>12</td>\n",
       "      <td>BARRIOS UNIDOS</td>\n",
       "      <td>-74.084000</td>\n",
       "      <td>4.666400</td>\n",
       "      <td>-74.084, 4.6664</td>\n",
       "    </tr>\n",
       "    <tr>\n",
       "      <th>1</th>\n",
       "      <td>10</td>\n",
       "      <td>ENGATIVÁ</td>\n",
       "      <td>-74.107200</td>\n",
       "      <td>4.707100</td>\n",
       "      <td>-74.1072, 4.7071000000000005</td>\n",
       "    </tr>\n",
       "    <tr>\n",
       "      <th>2</th>\n",
       "      <td>20</td>\n",
       "      <td>SUMAPAZ</td>\n",
       "      <td>-74.315224</td>\n",
       "      <td>4.034746</td>\n",
       "      <td>-74.315224, 4.034746</td>\n",
       "    </tr>\n",
       "    <tr>\n",
       "      <th>3</th>\n",
       "      <td>13</td>\n",
       "      <td>TEUSAQUILLO</td>\n",
       "      <td>-74.093800</td>\n",
       "      <td>4.644800</td>\n",
       "      <td>-74.0938, 4.6448</td>\n",
       "    </tr>\n",
       "    <tr>\n",
       "      <th>4</th>\n",
       "      <td>17</td>\n",
       "      <td>LA CANDELARIA</td>\n",
       "      <td>-74.073900</td>\n",
       "      <td>4.593900</td>\n",
       "      <td>-74.0739, 4.5939</td>\n",
       "    </tr>\n",
       "    <tr>\n",
       "      <th>5</th>\n",
       "      <td>3</td>\n",
       "      <td>SANTA FE</td>\n",
       "      <td>-74.029800</td>\n",
       "      <td>4.596300</td>\n",
       "      <td>-74.0298, 4.5963</td>\n",
       "    </tr>\n",
       "    <tr>\n",
       "      <th>6</th>\n",
       "      <td>11</td>\n",
       "      <td>SUBA</td>\n",
       "      <td>-74.082400</td>\n",
       "      <td>4.765200</td>\n",
       "      <td>-74.0824, 4.7652</td>\n",
       "    </tr>\n",
       "    <tr>\n",
       "      <th>7</th>\n",
       "      <td>9</td>\n",
       "      <td>FONTIBÓN</td>\n",
       "      <td>-74.147900</td>\n",
       "      <td>4.683200</td>\n",
       "      <td>-74.1479, 4.6832</td>\n",
       "    </tr>\n",
       "    <tr>\n",
       "      <th>8</th>\n",
       "      <td>14</td>\n",
       "      <td>LOS MÁRTIRES</td>\n",
       "      <td>-74.091300</td>\n",
       "      <td>4.603000</td>\n",
       "      <td>-74.0913, 4.603</td>\n",
       "    </tr>\n",
       "    <tr>\n",
       "      <th>9</th>\n",
       "      <td>4</td>\n",
       "      <td>SAN CRISTOBAL</td>\n",
       "      <td>-74.088300</td>\n",
       "      <td>4.546300</td>\n",
       "      <td>-74.0883, 4.5463000000000005</td>\n",
       "    </tr>\n",
       "    <tr>\n",
       "      <th>10</th>\n",
       "      <td>5</td>\n",
       "      <td>USME</td>\n",
       "      <td>-74.103300</td>\n",
       "      <td>4.476600</td>\n",
       "      <td>-74.1033, 4.4766</td>\n",
       "    </tr>\n",
       "    <tr>\n",
       "      <th>11</th>\n",
       "      <td>16</td>\n",
       "      <td>PUENTE ARANDA</td>\n",
       "      <td>-74.122700</td>\n",
       "      <td>4.614900</td>\n",
       "      <td>-74.1227, 4.6149000000000004</td>\n",
       "    </tr>\n",
       "    <tr>\n",
       "      <th>12</th>\n",
       "      <td>1</td>\n",
       "      <td>USAQUÉN</td>\n",
       "      <td>-74.031200</td>\n",
       "      <td>4.748500</td>\n",
       "      <td>-74.0312, 4.7485</td>\n",
       "    </tr>\n",
       "    <tr>\n",
       "      <th>13</th>\n",
       "      <td>0</td>\n",
       "      <td>BOGOTÁ</td>\n",
       "      <td>-74.081750</td>\n",
       "      <td>4.609710</td>\n",
       "      <td>-74.08175, 4.60971</td>\n",
       "    </tr>\n",
       "    <tr>\n",
       "      <th>14</th>\n",
       "      <td>7</td>\n",
       "      <td>BOSA</td>\n",
       "      <td>-74.194500</td>\n",
       "      <td>4.630500</td>\n",
       "      <td>-74.1945, 4.6305</td>\n",
       "    </tr>\n",
       "    <tr>\n",
       "      <th>15</th>\n",
       "      <td>19</td>\n",
       "      <td>CIUDAD BOLÍVAR</td>\n",
       "      <td>-74.153900</td>\n",
       "      <td>4.506600</td>\n",
       "      <td>-74.1539, 4.5066</td>\n",
       "    </tr>\n",
       "    <tr>\n",
       "      <th>16</th>\n",
       "      <td>18</td>\n",
       "      <td>RAFAEL URIBE URIBE</td>\n",
       "      <td>-74.116400</td>\n",
       "      <td>4.565300</td>\n",
       "      <td>-74.1164, 4.5653</td>\n",
       "    </tr>\n",
       "    <tr>\n",
       "      <th>17</th>\n",
       "      <td>8</td>\n",
       "      <td>KENNEDY</td>\n",
       "      <td>-74.157300</td>\n",
       "      <td>4.626800</td>\n",
       "      <td>-74.1573, 4.6268</td>\n",
       "    </tr>\n",
       "    <tr>\n",
       "      <th>18</th>\n",
       "      <td>2</td>\n",
       "      <td>CHAPINERO</td>\n",
       "      <td>-74.046700</td>\n",
       "      <td>4.656900</td>\n",
       "      <td>-74.0467, 4.6569</td>\n",
       "    </tr>\n",
       "    <tr>\n",
       "      <th>19</th>\n",
       "      <td>6</td>\n",
       "      <td>TUNJUELITO</td>\n",
       "      <td>-74.140700</td>\n",
       "      <td>4.587500</td>\n",
       "      <td>-74.1407, 4.5875</td>\n",
       "    </tr>\n",
       "    <tr>\n",
       "      <th>20</th>\n",
       "      <td>15</td>\n",
       "      <td>ANTONIO NARIÑO</td>\n",
       "      <td>-74.100900</td>\n",
       "      <td>4.548600</td>\n",
       "      <td>-74.1009, 4.5486</td>\n",
       "    </tr>\n",
       "  </tbody>\n",
       "</table>\n",
       "</div>"
      ],
      "text/plain": [
       "    CODIGO_LOCALIDAD           LOCALIDAD   LONGITUD   LATITUD  \\\n",
       "0                 12      BARRIOS UNIDOS -74.084000  4.666400   \n",
       "1                 10            ENGATIVÁ -74.107200  4.707100   \n",
       "2                 20             SUMAPAZ -74.315224  4.034746   \n",
       "3                 13         TEUSAQUILLO -74.093800  4.644800   \n",
       "4                 17       LA CANDELARIA -74.073900  4.593900   \n",
       "5                  3            SANTA FE -74.029800  4.596300   \n",
       "6                 11                SUBA -74.082400  4.765200   \n",
       "7                  9            FONTIBÓN -74.147900  4.683200   \n",
       "8                 14        LOS MÁRTIRES -74.091300  4.603000   \n",
       "9                  4       SAN CRISTOBAL -74.088300  4.546300   \n",
       "10                 5                USME -74.103300  4.476600   \n",
       "11                16       PUENTE ARANDA -74.122700  4.614900   \n",
       "12                 1             USAQUÉN -74.031200  4.748500   \n",
       "13                 0              BOGOTÁ -74.081750  4.609710   \n",
       "14                 7                BOSA -74.194500  4.630500   \n",
       "15                19      CIUDAD BOLÍVAR -74.153900  4.506600   \n",
       "16                18  RAFAEL URIBE URIBE -74.116400  4.565300   \n",
       "17                 8             KENNEDY -74.157300  4.626800   \n",
       "18                 2           CHAPINERO -74.046700  4.656900   \n",
       "19                 6          TUNJUELITO -74.140700  4.587500   \n",
       "20                15      ANTONIO NARIÑO -74.100900  4.548600   \n",
       "\n",
       "                     COORDENADAS  \n",
       "0                -74.084, 4.6664  \n",
       "1   -74.1072, 4.7071000000000005  \n",
       "2           -74.315224, 4.034746  \n",
       "3               -74.0938, 4.6448  \n",
       "4               -74.0739, 4.5939  \n",
       "5               -74.0298, 4.5963  \n",
       "6               -74.0824, 4.7652  \n",
       "7               -74.1479, 4.6832  \n",
       "8                -74.0913, 4.603  \n",
       "9   -74.0883, 4.5463000000000005  \n",
       "10              -74.1033, 4.4766  \n",
       "11  -74.1227, 4.6149000000000004  \n",
       "12              -74.0312, 4.7485  \n",
       "13            -74.08175, 4.60971  \n",
       "14              -74.1945, 4.6305  \n",
       "15              -74.1539, 4.5066  \n",
       "16              -74.1164, 4.5653  \n",
       "17              -74.1573, 4.6268  \n",
       "18              -74.0467, 4.6569  \n",
       "19              -74.1407, 4.5875  \n",
       "20              -74.1009, 4.5486  "
      ]
     },
     "execution_count": 18,
     "metadata": {},
     "output_type": "execute_result"
    }
   ],
   "source": [
    "#Se imprimen los datos del DataFrame para validar que se hayan aplicado correctamente los cambios\n",
    "df"
   ]
  },
  {
   "cell_type": "code",
   "execution_count": 19,
   "id": "a7ac6268",
   "metadata": {},
   "outputs": [],
   "source": [
    "#Se exporta el DataFrame en un archivo tipo xlsx con el formato utf-8\n",
    "df.to_excel('Coordenadas_localidades_Bogota.xlsx',encoding=\"utf-8\", index=False)"
   ]
  }
 ],
 "metadata": {
  "kernelspec": {
   "display_name": "Python 3 (ipykernel)",
   "language": "python",
   "name": "python3"
  },
  "language_info": {
   "codemirror_mode": {
    "name": "ipython",
    "version": 3
   },
   "file_extension": ".py",
   "mimetype": "text/x-python",
   "name": "python",
   "nbconvert_exporter": "python",
   "pygments_lexer": "ipython3",
   "version": "3.9.7"
  }
 },
 "nbformat": 4,
 "nbformat_minor": 5
}
